index, err, p, i, d, output
0, 90.0, 0.018, 0.00018, 0.02571428571428571, 0.04389428571428572
1, 90.0, 0.018, 0.002544, 0.007714285714285715, 0.02825828571428572
2, 90.0, 0.018, 0.004423800000000001, 0.0, 0.0224238
3, 90.0, 0.018, 0.006755528571428572, 0.0, 0.02475552857142857
4, 90.0, 0.018, 0.008929009090909091, 0.0, 0.0269290090909091
5, 90.0, 0.018, 0.01111059438502674, 0.0, 0.02911059438502674
6, 90.0, 0.018, 0.0133647336878292, 0.0, 0.0313647336878292
7, 99.5045093795094, 0.01990090187590188, 0.01570035289375371, 0.0008914763487274318, 0.03649273111838302
8, 138.1384621476085, 0.0276276924295217, 0.01851586860712717, 0.00457444999818896, 0.05071801103483784
9, 227.3331673306773, 0.04546663346613546, 0.02315872290984533, 0.01236289975031843, 0.08098825612629923
10, 311.0178571428571, 0.06220357142857143, 0.02991966935298019, 0.01230358688930117, 0.1044268276708528
11, 273.2992174629325, 0.05465984349258649, 0.03739073858598297, -0.001361205607868327, 0.09068937647070113
12, 85.01302648719061, 0.01700260529743812, 0.04078606412167354, -0.02649187959366704, 0.03129678982544462
13, 175.0202314998021, 0.03500404629996043, 0.0435064966775427, 8.199097776349543e-05, 0.07859253395526662
14, 362.8219724437999, 0.07256439448875996, 0.05058708989171436, 0.02618226343721028, 0.1493337478176846
15, 376.2844418052257, 0.07525688836104514, 0.05978430023536343, 0.009207199459646343, 0.1442483880560549
16, 230.9787958954626, 0.04619575917909252, 0.06653245893064765, -0.01801412893291155, 0.09471408917682865
17, 202.6973584332777, 0.04053947168665553, 0.07110268054098176, -0.01154048721862111, 0.1001016650090162
18, 366.9717741935484, 0.07339435483870968, 0.07787132935589513, 0.01766513818836072, 0.1689308223829655
19, 461.6406399235912, 0.09232812798471825, 0.08825024323412938, 0.01892290911914976, 0.1995012803379974
20, 290.3579157542187, 0.05807158315084374, 0.09719181949346654, -0.01789732025509222, 0.137366082389218
21, 170.268411808209, 0.03405368236164181, 0.1016275215647424, -0.0263946955960239, 0.1092865083303603
22, 312.8652012402013, 0.06257304024804025, 0.1072482183829278, 0.01037539887907515, 0.1801966575100432
23, 504.6828970718722, 0.1009365794143744, 0.1170422546475793, 0.02935773710965599, 0.2473365711716097
24, 376.1429102101465, 0.0752285820420293, 0.1270898277211303, -0.001878811759972649, 0.2004395980031869
25, 227.9401862464183, 0.04558803724928367, 0.1328007289492419, -0.02375985151388269, 0.1546289146846429
26, 392.2056164789567, 0.07844112329579134, 0.1400263514460294, 0.01563260300013696, 0.2341000777419577
27, 625.755857898715, 0.125151171579743, 0.1527212300986796, 0.03266671139333943, 0.310539113071762
28, 499.1323986116186, 0.09982647972232371, 0.1661873205649591, -0.002584979655780855, 0.2634288206315019
29, 249.4583775889538, 0.04989167551779076, 0.1734429999501971, -0.03909480696519596, 0.1842398685027919
30, 343.1153846153847, 0.06862307692307692, 0.1802008640131434, -0.0005380299382093194, 0.2482859109980111
31, 581.386446886447, 0.1162772893772894, 0.1917204011643245, 0.02953369890090221, 0.3375313894425162
32, 544.8846099491239, 0.1089769219898248, 0.2054935178408435, 0.004875316691350515, 0.3193457565220188
33, 250.680222501769, 0.0501360445003538, 0.2136218358957563, -0.0401872994233104, 0.2235705809727997
34, 200.5525953146532, 0.04011051906293064, 0.2179761255945198, -0.02177815148024433, 0.2363084931772061
35, 633.795918367347, 0.1267591836734694, 0.2285214127761252, 0.04534417212350838, 0.400624768573103
36, 840.3754113312827, 0.1680750822662565, 0.2471650844108989, 0.04507611570062712, 0.4603162823777826
37, 364.6809290953545, 0.0729361858190709, 0.2598026445726282, -0.05145327475191253, 0.2812855556397865
38, 88.56292152053955, 0.01771258430410791, 0.2633924369165573, -0.05724575665984386, 0.2238592645608213
39, 181.2835820895522, 0.03625671641791044, 0.2664016048265371, 0.001089283677756943, 0.3037476049222045
40, 347.5762484556863, 0.06951524969113726, 0.2730943987819782, 0.02345240777670376, 0.3660620562498193
41, 370.221042685638, 0.07404420853712762, 0.2818271748742165, 0.008794089336505683, 0.3646654727478498
42, 29.30608391392811, 0.005861216782785622, 0.2856967011770302, -0.03899760268455009, 0.2525603152752657
43, -215.0357142857144, -0.04300714285714287, 0.2822821413150463, -0.04667549986891991, 0.1925994985889836
44, -33.21127087198514, -0.006642254174397028, 0.2797645072240574, 0.01017902083013484, 0.2833012738797952
45, 77.07406856916369, 0.01541481371383274, 0.2811827876876362, 0.02223478511666288, 0.3188323865181318
46, -116.5389868268113, -0.02330779736536226, 0.2802180314055962, -0.01856276681149222, 0.2383474672287416
47, -220.0513823577104, -0.04401027647154208, 0.2750111409061352, -0.01965714930403073, 0.2113437151305624
48, 1.139860139860133, 0.0002279720279720266, 0.2724032088265155, 0.02491665932194869, 0.2975478401764363
49, 130.7520614306329, 0.02615041228612657, 0.2745990038907252, 0.0310370370311702, 0.331786453208022
50, -20.61274410859363, -0.004122548821718726, 0.2754001236313884, -0.01016159863846035, 0.2611159761712093
51, -142.5055248618784, -0.02850110497237568, 0.272322193812372, -0.0191984582227237, 0.2246226306172726
52, -13.60528060363532, -0.002721056120727065, 0.2701305902618932, 0.0126772648296165, 0.2800867989707827
53, 115.356100795756, 0.02307122015915119, 0.271758445032876, 0.0256135502421494, 0.3204432154341765
54, 14.26855650876539, 0.002853711301753077, 0.2731318025470842, -0.004158974154627241, 0.2718265396942101
55, -127.8156554675699, -0.02556313109351398, 0.2711381616445137, -0.02024992945071566, 0.2253251011002841
56, -29.64662454385729, -0.005929324908771457, 0.2687548315916076, 0.006687638044418208, 0.2695131447272543
57, 120.4796045047442, 0.02409592090094884, 0.2703614411853885, 0.02499385695423416, 0.3194512190405715
58, 89.8077763215378, 0.01796155526430756, 0.2729863425922119, 0.003962227415445039, 0.2949101252719645
59, -42.34696875134506, -0.008469393750269012, 0.2734684998129635, -0.01637404813246701, 0.2486250579302274
60, -114.6347517730497, -0.02292695035460994, 0.2711640693403278, -0.01543189491089929, 0.2328052240748186
61, 15.07682724252492, 0.003015365448504983, 0.2700290738337662, 0.01190745926934476, 0.284951898551616
62, 115.5611806578301, 0.02311223613156603, 0.2719158279336876, 0.01814379532767512, 0.3131718593929287
63, 34.18122811254679, 0.006836245622509358, 0.2734473497773415, -0.004158904179181, 0.2761246912206698
64, -27.8154761904762, -0.005563095238095242, 0.2731723950646943, -0.01136899829021946, 0.2562403015363796
65, 21.64652641878669, 0.004329305283757338, 0.2728104685276385, 0.003897060708845968, 0.2810368345202418
66, 122.625, 0.024525, 0.2747272495782802, 0.01631084523656268, 0.3155630948148429
67, 122.625, 0.024525, 0.2774966867995217, 0.005119409129819521, 0.3071410959293412
68, 112.3496240601504, 0.02246992481203008, 0.2800880408643678, -0.001042989287127594, 0.3015149763892703
69, 102.0251912436407, 0.02040503824872814, 0.2824425343188936, -0.001052181884603701, 0.301795390683018
70, 101.7951890379904, 0.02035903780759808, 0.2846165960760436, -2.82862300295375e-05, 0.3049473476536121
71, 122.125, 0.024425, 0.2871358273687681, 0.003102989988719009, 0.3146638173574871
72, 122.125, 0.024425, 0.2898803682243478, 0.001034139437793349, 0.3153395076621412
73, 122.125, 0.024425, 0.292619874762791, 0.0, 0.317044874762791
74, 194.4078467153285, 0.0388815693430657, 0.2963367387150178, 0.007386568277478823, 0.3426048763355624
75, 319.3585640435545, 0.06387171280871089, 0.3027699556624113, 0.01597346938125518, 0.3826151378523774
76, 486.6245251661919, 0.09732490503323838, 0.3131541909020063, 0.02040860855555694, 0.4308877044908016
77, 293.3195687141851, 0.05866391374283704, 0.3224967140076897, -0.01754911169596513, 0.3636115160545616
78, -57.01788191004555, -0.01140357638200911, 0.3238130162649638, -0.0557543402926732, 0.2566550995902815
79, -151.2625016278162, -0.03025250032556324, 0.32050656723177, -0.0254559964346921, 0.2647980704715146
80, 22.20643677421431, 0.004441287354842862, 0.3191179851489424, 0.01765612738139577, 0.341215399885181
81, 155.4371247498332, 0.03108742494996664, 0.3219622176371708, 0.0261664945295652, 0.3792161371167026
82, 73.02757526239708, 0.01460551505247942, 0.3243994922610736, -0.005298696016736395, 0.3337063112968166
83, -20.82193011103854, -0.004164386022207708, 0.32469298907751, -0.0149159394534051, 0.3056126636018972
84, -22.12249623088522, -0.004424499246177044, 0.3238685530594303, -0.004441082415713009, 0.3150029713975403
85, 101.1897639830895, 0.0202379527966179, 0.3250906497033346, 0.01577980274039105, 0.3611084052403435
86, 100.9674751598475, 0.0201934950319695, 0.3276307328440983, 0.006308049084039693, 0.3541322769601075
87, 69.87962852985721, 0.01397592570597144, 0.3295334735010246, -0.005329200501431068, 0.338180198705565
88, 27.65740740740741, 0.005531481481481481, 0.3304446731476314, -0.006487423693386734, 0.3294887309357261
89, 47.63755347321248, 0.009527510694642496, 0.3309920480703461, -0.0001232877105123031, 0.3403962710544763
90, 119.75, 0.02395, 0.332963075884693, 0.0116578481049096, 0.3685709239896026
91, 109.4298471933176, 0.02188596943866351, 0.3355601685249317, 0.003187352688921713, 0.3606334906525169
92, 88.39393287435456, 0.01767878657487091, 0.3376352153718021, -0.003238148068052885, 0.3520758538786202
93, 67.29699174751868, 0.01345939834950374, 0.3391851305703701, -0.003256860428012137, 0.3493876684918616
94, 66.73323368589656, 0.01334664673717931, 0.3404387146689574, -6.558868376477855e-05, 0.3537197727223719
95, 97.70909873708383, 0.01954181974741677, 0.3423735406716915, 0.004233830643624154, 0.3661491910627324
96, 107.9125443130463, 0.02158250886260926, 0.3449343326634298, 0.003187285860434268, 0.3697041273864733
97, 76.60922713990832, 0.01532184542798166, 0.3468590798266007, -0.004321794044445593, 0.3578591312101368
98, 86.55755443441318, 0.01731151088688264, 0.3484860880788098, -4.536175774997478e-05, 0.3657522372079424
99, 117.625, 0.023525, 0.3507429020272864, 0.005342982147501218, 0.3796108841747877
100, 107.1904546043259, 0.02143809092086518, 0.3531755967003035, 0.001059358757367583, 0.3756730463785362
101, 96.61821576124613, 0.01932364315224923, 0.3553204716887284, -0.001089983410196262, 0.3735541314307813
102, 44.37015038263037, 0.008874030076526076, 0.3566517474439776, -0.005407815466718454, 0.3601179620537851
103, 43.77631462855127, 0.008755262925710253, 0.3575679901807447, -0.00222631918736053, 0.3640969339190944
104, 84.85601898101899, 0.0169712037962038, 0.3590455181988304, 0.005280250773197521, 0.3812969727682318
105, 105.5259036890319, 0.02110518073780639, 0.3613780520630934, 0.004275856718533452, 0.3867590895194332
106, 32.14727464598619, 0.006429454929197238, 0.3626678265517985, -0.007600383574879003, 0.3614968979061167
107, -10.51364150667933, -0.002102728301335867, 0.3625017221145218, -0.008760000748217355, 0.3516389930649686
108, 61.82151591451222, 0.01236430318290244, 0.363181811117163, 0.007445517190203298, 0.3829916314902688
109, 92.64614677365429, 0.01852922935473086, 0.3651152073295825, 0.008553792435393744, 0.392198229119707
110, -95.02918463278437, -0.01900583692655687, 0.3651996119899841, -0.01939664407589847, 0.3267971309875288
111, -210.1842618465479, -0.04203685236930958, 0.3611182212003979, -0.02578716196545298, 0.2932942068656353
112, -4.627620044635677, -0.0009255240089271355, 0.3588455589243743, 0.01997744603106393, 0.3778974809465111
113, 35.99110987083399, 0.0071982219741668, 0.3597109979241802, 0.01571187148978044, 0.3826210913881274
114, -99.45226056926169, -0.01989045211385234, 0.358426687769007, -0.01390753476704259, 0.3246287008881121
115, -121.865763546798, -0.02437315270935961, 0.3552095034906331, -0.008727322284759996, 0.3221090284965135
116, 21.17320845639671, 0.004234641691279341, 0.3542546492257647, 0.0187859578616359, 0.3772752487786799
117, 30.68269230769229, 0.006136538461538459, 0.3549485530091101, 0.01147316401156566, 0.3725582554822142
118, -156.1922204779348, -0.03123844409558695, 0.3527437936572598, -0.01920488503931634, 0.3023004645223565
119, -231.0375235282664, -0.04620750470565327, 0.3474426026738832, -0.01412035638811094, 0.287114741580119
120, -109.6546170518681, -0.02193092341037361, 0.343409011475111, 0.01546040552097986, 0.3369384935857172
121, -7.792282735879169, -0.001558456547175834, 0.3427286449294389, 0.02194534382820322, 0.3631155322104663
122, -267.0513860218225, -0.05341027720436449, 0.3388526186826541, -0.02343841887979918, 0.2620039225984904
123, -404.4967461245978, -0.08089934922491956, 0.3296787948491113, -0.02788883271824172, 0.22089061290595
124, -181.4232819598001, -0.03628465639196002, 0.323013605014303, 0.02579248882487558, 0.3125214374472185
125, 54.25989177177425, 0.01085197835435485, 0.3224534103341979, 0.04295930036508512, 0.3762646890536379
126, -70.38633300661601, -0.0140772666013232, 0.3223870243728747, -0.001231424611549329, 0.3070783331600022
127, -330.9059539026518, -0.06618119078053036, 0.316763622689646, -0.0373754044916311, 0.2132070274174846
128, -323.98323769254, -0.064796647538508, 0.3088869944641495, -0.01003811919780725, 0.2340522277278343
129, -5.337965177699374, -0.001067593035539875, 0.3061925128538193, 0.03777331203732221, 0.3428982318556016
130, -68.27202323330107, -0.01365440464666021, 0.3061119237082555, 0.009305950579459786, 0.301763469641055
131, -266.2798273155416, -0.05325596546310831, 0.301169206377717, -0.02981097946877775, 0.2181022614458309
132, -372.9959042356198, -0.07459918084712395, 0.2927087159163043, -0.01534646677314383, 0.2027630682960365
133, -179.9419600518706, -0.03598839201037412, 0.2864213399627386, 0.02171494871724344, 0.2721478966696079
134, -47.51923612846189, -0.009503847225692377, 0.2848009224655148, 0.03141530462632882, 0.3067123798661512
135, -451.8072808257109, -0.09036145616514219, 0.2795221901100573, -0.03844777415174664, 0.1507129597931684
136, -1075.141594945549, -0.2150283189891097, 0.2586566547958181, -0.09339538796626307, -0.04976705215955468
137, -619.5430327868852, -0.123908606557377, 0.238552624623027, 0.02945406449503341, 0.1440980825606834
138, -108.8298056517369, -0.02176596113034737, 0.2321242803867649, 0.09501929379859751, 0.305377613055015
139, -120.8992640804704, -0.02417985281609409, 0.2303575634769843, 0.02389834914266716, 0.2300760598035574
140, -484.7692424325963, -0.09695384848651928, 0.2223899388326989, -0.04373095426901259, 0.081705136077167
141, -738.1900084871051, -0.147638001697421, 0.2065027190663622, -0.04307770234718613, 0.01578701502175506
142, -486.2536848072563, -0.09725073696145126, 0.1916986193259768, 0.02551330900181541, 0.1199611913663409
143, 58.89921444768383, 0.01177984288953677, 0.1881412769668303, 0.08521605263821469, 0.2851371724945817
144, 27.5, 0.0055, 0.1901966346920005, 0.028412014552382, 0.2241086492443825
145, -396.7369130373104, -0.07934738260746208, 0.1845831203547349, -0.05407475015175246, 0.05116098759552039
146, -659.5003634425276, -0.1319000726885055, 0.171246488500294, -0.0471483044902884, -0.007801888678499985
147, -509.5892857142858, -0.1019178571428571, 0.1570547240729356, 0.00768995504223588, 0.06282682197231432
148, -27.18490222175827, -0.005436980444351654, 0.1527324884853646, 0.07043336753266152, 0.2177288755736745
149, -131.4158496732026, -0.02628316993464052, 0.151539711240927, 0.01460594419520584, 0.1398624855014924
150, -671.7600329709959, -0.1343520065941992, 0.1420828595384156, -0.06720768375864214, -0.05947683081442568
151, -1027.643721678989, -0.2055287443357978, 0.1211218744371339, -0.07060550418766166, -0.1550123740863255
152, -435.2546499229949, -0.08705092998459898, 0.1054842474393691, 0.04990627052211142, 0.06833958797688156
153, 99.33135037416969, 0.01986627007483394, 0.1044870721779207, 0.09051852985393561, 0.2148718721066902
154, -3.625, -0.0007250000000000002, 0.1059010191871967, 0.007395731027409292, 0.1125717502146059
155, -355.5979500654852, -0.07111959001309703, 0.1008027154926905, -0.04663534047996293, -0.01695221500036947
156, -555.4374072730869, -0.1110874814546174, 0.08914418836426895, -0.03752512388305, -0.05946841697339844
157, -207.3380505202539, -0.04146761010405078, 0.08010862870168296, 0.03224625761563805, 0.07088727621327023
158, 328.3267219822687, 0.06566534439645375, 0.08393538329086406, 0.08424636320209087, 0.2338470908894087
159, 124.1527450489856, 0.02483054900979711, 0.08951335099954246, 0.001238650971555546, 0.1155825509808951
160, -391.283507223114, -0.0782567014446228, 0.08452201841209671, -0.07166396672404272, -0.06539864975656879
161, -643.6616301901251, -0.128732326038025, 0.07100955201235912, -0.04914990072673847, -0.1068726747524044
162, -483.3548469671233, -0.09667096939342466, 0.0572228138660864, 0.01296365048050052, -0.02648450504683775
163, 206.5050163396113, 0.04130100326792227, 0.05573876769521162, 0.09380620270375463, 0.1908459736668885
164, 436.3675431711145, 0.08727350863422291, 0.06491480853372909, 0.0627374689505217, 0.2149257861184737
165, -265.1087619877943, -0.05302175239755885, 0.0660806029544368, -0.06958245721348049, -0.05652360665660252
166, -918.188431449928, -0.1836376862899856, 0.04879366105001951, -0.1113307385406001, -0.2461747637805662
167, -946.8976013482317, -0.1893795202696463, 0.02618917093666133, -0.02014328965039506, -0.18333363898338
168, -520.1103234992423, -0.1040220646998484, 0.009469500011268176, 0.05495549984291005, -0.03959706484567024
169, 4.051253159545631, 0.0008102506319091262, 0.005951703272803042, 0.0894686163189315, 0.09623057022364366
170, -203.3418364643728, -0.04066836729287456, 0.004304485099540169, 0.001914003488757934, -0.03444987870457645
171, -650.6007236227824, -0.1301201447245565, -0.007102405626458871, -0.06611850695978188, -0.2033410573107972
172, -1080.78547491884, -0.216157094983768, -0.02857504825432842, -0.06132452473790324, -0.3060566679759996
173, -1304.70273982774, -0.260940547965548, -0.05805341075923244, -0.03708975595686734, -0.3560837146816478
174, -703.9590716131413, -0.1407918143226283, -0.07990574547516561, 0.06748405516379109, -0.1532135046340028
175, -233.5206200707897, -0.04670412401415795, -0.08785062157251142, 0.0900740750198268, -0.04448067056684255
176, -359.5502914706484, -0.07191005829412967, -0.09406573355331361, 0.002792982309314669, -0.1631828095381286
177, -745.3053669564712, -0.1490610733912942, -0.1081083987057218, -0.05135456477203656, -0.3085240368690525
178, -699.4000744876263, -0.1398800148975253, -0.125420907324579, -0.01034790446097952, -0.2756488266830838
179, -154.830985915493, -0.03096619718309859, -0.1341977808900963, 0.0704214017348304, -0.09474257633836451
180, 30.23838072399224, 0.006047676144798447, -0.1340364184093013, 0.05379822381374611, -0.0741905184507567
181, -341.5947090736086, -0.06831894181472171, -0.1385968666268999, -0.0360381014872402, -0.2429539099288618
182, -717.0224503928995, -0.1434044900785799, -0.1523511161783416, -0.05763005857023265, -0.3533856648271541
183, -795.0564090212239, -0.1590112818042448, -0.1712161791910789, -0.0199338202758911, -0.3501612812712147
184, -313.5670364384367, -0.06271340728768733, -0.1832854813335322, 0.05973885419681366, -0.1862600344244058
185, 99.31424114107424, 0.01986284822821485, -0.1836052314850235, 0.07835804049174304, -0.08538434276506564
186, -137.8870912971767, -0.02757741825943534, -0.1836859376368604, -0.009512586165922643, -0.2207759420622184
187, -906.5389366272827, -0.1813077873254565, -0.1983605892335824, -0.09912214269836262, -0.4787905192574015
188, -1469.581116694432, -0.2939162233388863, -0.2305191891346678, -0.09281546098684053, -0.6172508734603946
189, -643.1890277023357, -0.1286378055404671, -0.2548640942493093, 0.09257576294376948, -0.290926136846007
190, -48.2100666540607, -0.009642013330812139, -0.2602352716858932, 0.1320719922371913, -0.1378052927795141
191, -254.2650677495879, -0.05085301354991758, -0.2629265506839203, 0.005139330895484914, -0.3086402333383529
192, -625.6101659364222, -0.1251220331872844, -0.273992475768067, -0.05889632551858392, -0.4580108344739353
193, -453.5943020997133, -0.09071886041994265, -0.2866279541751048, 0.001739332231203395, -0.3756074823638441
194, -107.1537991404125, -0.02143075982808249, -0.2914389965031815, 0.05077765654668703, -0.262092099784577
195, -127.625, -0.025525, -0.2937932364283498, 0.01136960801557289, -0.307948628412777
196, -178.9042207792208, -0.03578084415584416, -0.2974715776243841, -0.009348297414995875, -0.3426007191952242
197, -158.7375683642993, -0.03174751367285986, -0.3013862908758369, -3.905395551954549e-05, -0.3331728585042163
198, -107.6672114481321, -0.02153344228962642, -0.3040382747601763, 0.007254537405904391, -0.3183171796438983
199, -76.81030085629809, -0.01536206017125962, -0.3061152623021602, 0.004182446691734477, -0.3172948757816854
200, 67.33713808463254, 0.01346742761692651, -0.3056442033196995, 0.0167432552274238, -0.2754335204753492
201, 161.3982815964523, 0.03227965631929047, -0.3023195212634461, 0.01585661147699657, -0.2541832534671591
202, 92.11608246512448, 0.0184232164930249, -0.2991159508947046, -0.005873063740367408, -0.286565798142047
203, -90.85694662480378, -0.01817138932496076, -0.299672871359276, -0.02785601249793312, -0.3457002731821698
204, -69.86800372551224, -0.01397360074510245, -0.3017078264472075, -0.007175432143017112, -0.3228568593353272
205, 95.17531364349191, 0.01903506272869838, -0.3008480973142979, 0.02099850491738521, -0.2608145296682143
206, 168.7970103986135, 0.0337594020797227, -0.2970751516892731, 0.01486316375160698, -0.2484525858579433
207, 6.413747735311873, 0.001282749547062374, -0.2952178854277133, -0.0174526466502334, -0.3113877825308843
208, -84.8127278362157, -0.01696254556724314, -0.2968406940252422, -0.02068934944753162, -0.334492589040017
209, 59.58396611079912, 0.01191679322215982, -0.296720738574772, 0.01369307901864312, -0.2711108663339691
210, 132.9814260199742, 0.02659628520399484, -0.2934625419069679, 0.01483592925288832, -0.2520303274500847
211, -50.14473493232701, -0.0100289469864654, -0.2927018201565147, -0.02167221779587768, -0.3244029849388578
212, -183.2072091062395, -0.0366414418212479, -0.2961231568481747, -0.0270518673017337, -0.3598164659711563
213, -204.4634225291325, -0.0408926845058265, -0.3005322535245711, -0.006334669478863775, -0.3477596075092614
214, -287.525776423443, -0.05750515528468859, -0.3064607394438002, -0.008501549630912367, -0.3724674443594012
215, -258.1789723122973, -0.05163579446245947, -0.3129887469431158, -0.0001942869256614206, -0.3648188283312367
216, -146.2017730035235, -0.02924035460070471, -0.3172397068703623, 0.01655686530294306, -0.329923196168124
217, -156.789411709293, -0.03135788234185861, -0.3204661802885987, 0.005152480374199898, -0.3466715822562574
218, -270.523533964189, -0.0541047067928378, -0.32554288247855, -0.0137102978296297, -0.3933578871010175
219, -271.7112467596161, -0.05434224935192321, -0.3320241876712338, -0.005421391020780886, -0.3917878280439378
220, -139.0497795845255, -0.02780995591690511, -0.3362824055575884, 0.01663991761839133, -0.3474524438561021
221, -118.75, -0.02375, -0.3388826762313464, 0.009374906729547615, -0.3532577695017988
222, -128.9598433952915, -0.0257919686790583, -0.3417701202971781, -0.002097838401107471, -0.3696599273773439
223, -118.75, -0.02375, -0.3444284103885322, 0.001042826412747253, -0.3671355839757849
224, -118.75, -0.02375, -0.3470853243836664, 0.0, -0.3708353243836664
225, -108.401401475477, -0.02168028029509541, -0.3495676676393073, 0.001057999166061937, -0.3701899487683407
226, -118.625, -0.023725, -0.3520478017622505, -0.001045295138225806, -0.3768180969004764
227, -56.47139214268772, -0.01129427842853754, -0.3538891599002552, 0.005314321243864382, -0.3598691170849283
228, 99.13642002047725, 0.01982728400409545, -0.3528377032415734, 0.02017539438817261, -0.3128350248493053
229, -384.6379341210168, -0.07692758682420337, -0.3556244311772443, -0.0430580138025827, -0.4756100318040303
230, -964.4679517502366, -0.1928935903500473, -0.3748114206436561, -0.09499986281800954, -0.6627048738117129
231, -238.5004861441978, -0.04770009722883957, -0.3879407987607808, 0.06239132839203188, -0.3732495675975885
232, 451.4364956736712, 0.09028729913473423, -0.3823460350167965, 0.1207418948566115, -0.1713168410254507
233, 662.7307774807774, 0.1325461554961555, -0.3690151561962348, 0.04803117792969056, -0.1884378227703888
234, 773.2336932702212, 0.1546467386540442, -0.3518557213920659, 0.01792208761081984, -0.1792868951272019
235, 904.8618581907091, 0.1809723716381418, -0.3321727350777284, 0.01385136132600756, -0.137349002113579
236, 1098.684250839282, 0.2197368501678564, -0.3092022357665909, 0.02128843421220849, -0.06817695138652611
237, 1190.562777116903, 0.2381125554233805, -0.2826179091384366, 0.01721786380771514, -0.0272874899073409
238, 1097.945890219217, 0.2195891780438434, -0.2562104897073633, -0.007938190432679573, -0.04455950209619947
239, 1046.185248750349, 0.2092370497500698, -0.2314816575085869, -0.01635557500455774, -0.03860018276307491
240, 1056.585416154643, 0.2113170832309287, -0.2068222290969576, -0.01418158416253088, -0.009686730028559797
241, 1210.85064935065, 0.2421701298701299, -0.1795300324006344, 0.003734367829892453, 0.06637446529938796
242, 1108.82209289374, 0.221764418578748, -0.1527583999487641, -0.01624116467496475, 0.05276485395501918
243, 1242.858537822586, 0.2485717075645172, -0.1248372653601844, -0.005658888149154184, 0.1180755540551786
244, 1615.190199335548, 0.3230380398671096, -0.08999552916098851, 0.03551228523731393, 0.2685547959434351
245, 1669.036805017891, 0.3338073610035782, -0.04903356836550196, 0.002009626304393328, 0.2867834189424696
246, 1373.869148359665, 0.274773829671933, -0.01363771800371308, -0.0610586813244368, 0.2000774303437831
247, 1611.933641975309, 0.3223867283950618, 0.01922549228978874, -0.008586283715294728, 0.3330259369695558
248, 1561.730995617753, 0.3123461991235505, 0.05592299976962249, 0.01337349028185638, 0.3816426891750293
