index, err, p, i, d, output
0, 0.04389428571428572, 0.6584142857142858, 0.04389428571428572, 0.313530612244898, 1.015839183673469
1, 0.02841171428571429, 0.4261757142857143, 0.3608835428571429, 0.06341900510204082, 0.850478262244898
2, 0.02256454285714286, 0.3384681428571429, 0.6767007175102041, -0.003779070929070923, 1.011389789438276
3, 0.02460572467532468, 0.3690858701298701, 0.9470491317198329, -0.01372780588110362, 1.302407195968599
4, 0.0265946983016983, 0.3989204745254746, 1.232675525360442, 0.00784442081028216, 1.639440420696198
5, 0.02856513560819986, 0.4284770341229978, 1.537286188049783, 0.007853280547513122, 1.973616502720294
6, 0.03057685294303893, 0.4586527941455839, 1.870588342265248, 0.007686087133928129, 2.33692722354476
7, 0.03256834063534662, 0.4885251095301992, 2.222656370839737, 0.007817559179950473, 2.718999039549887
8, 0.0770098639326611, 1.155147958989917, 2.846883067286697, 0.1156209163118463, 4.11765194258846
9, 0.07887781478972151, 1.183167221845823, 3.731520788036159, 0.07902198004146188, 4.993709989923444
10, 0.08073193155982267, 1.21097897339734, 4.629843055238398, 0.007166471814214117, 5.847988500449953
11, 0.09638335946200426, 1.445750391930064, 5.613388486733239, 0.04306125496780671, 7.10220013363111
12, 0.1840034796631777, 2.760052194947666, 7.192157703613349, 0.2667772600610512, 10.21898715862207
13, 0.3885139531572439, 5.827709297358658, 10.55333686153067, 0.6838087646023384, 17.06485492349166
14, 0.6834993627522654, 10.25249044128398, 16.86126742561306, 1.075142393243715, 28.18890026014076
15, -0.002010848330016621, -0.03016272495024931, 21.47052641150401, -1.411164757632791, 20.02919892892097
16, -0.9505840994871978, -14.25876149230797, 14.97361862834717, -4.150674124127858, -3.435816988088656
17, -1.191585350714197, -17.87378026071296, 2.285259327271331, -1.905834103309747, -17.49435503675137
18, -1.406435114810272, -21.09652672215407, -11.74364451454863, -0.6348966628494015, -33.4750678995521
19, -1.373006747769492, -20.59510121654238, -28.05094700310289, -0.3466562912226099, -48.99270451086788
20, 0.8070249039203285, 12.10537355880493, -27.04125701895871, 6.291658824252213, -8.644224635901564
21, 2.08033233269395, 31.20498499040926, -8.565480365669284, 5.749082318496975, 28.38858694323695
22, 2.37492333401217, 35.62385001018255, 16.22336914144805, 1.963201405617816, 53.81042055724842
23, 2.325721698190365, 34.88582547285548, 44.42681372539943, 0.1422629636894169, 79.45490216194433
24, -0.5589138673031099, -8.383708009546648, 48.71160724674525, -8.889970683159907, 31.43792855403869
25, -3.168530133727787, -47.5279520059168, 23.25579214049836, -10.24453337699406, -34.5166932424125
26, -3.548765435795727, -53.23148153693591, -14.6857415973648, -3.63782018286321, -71.55504331716393
27, -2.470518360007132, -37.05777540010699, -50.1797144816189, 3.019316085931026, -84.21817379579485
28, 2.228181417658604, 33.42272126487906, -45.46277947939844, 15.53883071467221, 3.49877250015283
29, 5.41313448584053, 81.19701728760795, 0.9294786773741015, 14.61455990447459, 96.74105586945664
30, 7.494557771964318, 112.4183665794648, 71.79713938723769, 9.581807161330085, 100
31, 4.971286017187964, 74.56929025781946, 133.7691946867081, -3.015090043029342, 100
32, 2.643355736478833, 39.6503360471825, 172.7318263945294, -8.663583366787604, 100
33, 0.2259628215299188, 3.389442322948781, 186.4038553747149, -9.817258050890898, 100
34, -1.92362867517646, -28.8544301276469, 175.6672169028774, -9.556394379864573, 100
35, -4.066410389330978, -60.99615583996468, 140.9374235173198, -9.145490984016766, 70.79577669333841
36, -5.969140741565341, -89.53711112348012, 83.4426302636504, -8.140513960856206, -14.23499482068592
37, -5.290460365901779, -79.35690548852668, 21.09846046820243, -0.4625693361673578, -58.7210143564916
38, -1.095564062675275, -16.43346094012912, -7.433993133468114, 12.96308977453584, -10.9043642990614
39, 3.745241136352595, 56.17861704528893, 10.0518633914917, 18.35088064477961, 84.58136108156024
40, 8.057329663692638, 120.8599449553896, 78.52121462763991, 19.45317743883571, 100
41, 8.629467782477716, 129.4420167371658, 173.1977667603635, 7.529814335288592, 100
42, 9.746587682749938, 146.1988152412491, 200.0, 2.027326203113229, 100
43, 11.53626300126535, 173.0439450189802, 200.0, 5.099526987622339, 100
44, 15.01275751187068, 225.1913626780601, 200.0, 11.30193849414076, 100
45, 20.81286808113965, 312.1930212170948, 200.0, 20.13932518820134, 100
46, 29.9535619175914, 449.303428763871, 200.0, 32.2047789526394, 100
47, 44.34773941164307, 665.2160911746461, 200.0, 51.93727245607085, 100
48, 60.47139895754743, 907.0709843632114, 200.0, 63.87484097047277, 100
49, 69.73501955332705, 1046.025293299906, 200.0, 43.21267784021891, 100
50, 77.69627908839758, 1165.444186325963, 200.0, 29.2548365191277, 100
51, 83.89277511159539, 1258.391626673931, 200.0, 27.42702540466943, 100
52, 88.26636416307419, 1323.995462446113, 200.0, 15.17235525495338, 100
53, 89.43330411219376, 1341.499561682906, 200.0, 7.650633695054784, 100
54, 87.50428783059887, 1312.564317458983, 200.0, -4.414293019346491, 100
55, 83.76119951780927, 1256.417992767139, 200.0, -13.84562036042459, 100
56, 77.91133537909849, 1168.670030686477, 200.0, -21.09127854873801, 100
57, 71.4921122444993, 1072.38168366749, 200.0, -25.03334396131401, 100
